intrinsic:
2181.502929982732 0.0 640.4023371623417 
0.0 2125.1830719255445 457.69581344274667 
0.0 0.0 1.0 
distortion:
-0.9062927700852362 21.9673860784871 -0.01248219673545158 0.025668417548393465 -121.24904482181891 
