intrinsic:
1018.4432020902209 0.0 619.9673664345416 
0.0 512.5126078968494 433.9938422422552 
0.0 0.0 1.0 
distortion:
0.03226323652680385 -0.10279073141519826 -0.002398202548906651 -0.0006518693494517176 0.12028607713214735 
